# н•ҙм„қВ·к°•кұҙм„ұ л¶„м„қ

```
============================================================================================
н•ҙм„қ м§Җн‘ңн‘ң (м „мІҙ нҸүк· )  вҖ”  ttcвҶ“ л№ лҘё лҙүмҮ„ В· peakвҶ“ В· reinfectвҶ“ В· м•Ўм…ҳнҡЁмңЁвҶ‘ мўӢмқҢ
============================================================================================
blue          D_mult    ttc   peak  reinf  retake    нҡЁмңЁ(D/retake)
------------------------------------------------------------------
graph          0.794   13.7  0.226    3.8     224           0.354
whittle        0.766    9.6  0.261    6.8      76           1.002
auction        0.764   10.7  0.261    6.0      77           0.986
hybrid         0.753   15.7  0.247    4.5     286           0.264
debate         0.725   17.3  0.267    4.4     280           0.259
ensemble       0.711   20.8  0.271    4.3     353           0.201
rag            0.710   17.7  0.293    6.3     123           0.579
rule           0.696   21.4  0.296    4.1     354           0.197
mincut         0.674   17.6  0.286    5.5     139           0.485
predictive     0.652   17.8  0.306    5.6     180           0.363
stigmergy      0.626   17.3  0.358    9.9      42           1.501
bandit         0.598   26.8  0.362    6.0     106           0.567
react          0.582   22.6  0.337    4.9     278           0.209
ooda           0.547   28.7  0.404    3.1     265           0.207
msgpass        0.541   19.5  0.392   10.7     107           0.506
riskfield      0.507   20.9  0.439    4.5     158           0.322
reflect        0.485   28.7  0.489    2.1     336           0.144
plan           0.278   25.7  0.616    1.5     211           0.131

------------------------------------------------------------------
red Г— blue м„ұлҠҘ н–үл ¬ (D_mult) вҖ” кіөкІ©мһҗ мң нҳ•лі„ л°©м–ҙ м„ұлҠҘ
blue          red=rule   red=llm    red=rl        м „мІҙ
graph            0.769     0.810     0.803     0.794
whittle          0.830     0.786     0.681     0.766
auction          0.761     0.801     0.730     0.764
hybrid           0.753     0.754     0.753     0.753
debate           0.715     0.746     0.713     0.725
ensemble         0.672     0.743     0.719     0.711
rag              0.708     0.743     0.680     0.710
rule             0.643     0.723     0.723     0.696
mincut           0.659     0.712     0.650     0.674
predictive       0.637     0.676     0.644     0.652
stigmergy        0.551     0.692     0.636     0.626
bandit           0.624     0.567     0.604     0.598
react            0.635     0.581     0.531     0.582
ooda             0.550     0.520     0.571     0.547
msgpass          0.545     0.571     0.507     0.541
riskfield        0.512     0.435     0.575     0.507
reflect          0.455     0.482     0.519     0.485
plan             0.221     0.289     0.323     0.278

------------------------------------------------------------------
мң„н—ҳ м§Җн‘ң вҖ” нҸүк·  vs мөңм•…(min) vs CVaR@25% (н•ҳмң„ 25% нҸүк· )
blue             mean      min   CVaR@25%
graph           0.794    0.102      0.543
whittle         0.766    0.246      0.475
auction         0.764    0.159      0.487
hybrid          0.753    0.227      0.469
debate          0.725    0.227      0.443
ensemble        0.711    0.209      0.475
rag             0.710    0.172      0.398
rule            0.696    0.227      0.444
mincut          0.674    0.189      0.461
predictive      0.652    0.272      0.430
stigmergy       0.626    0.155      0.408
bandit          0.598    0.183      0.397
react           0.582    0.111      0.365
ooda            0.547    0.039      0.291
msgpass         0.541    0.175      0.347
riskfield       0.507    0.115      0.307
reflect         0.485    0.174      0.298
plan            0.278    0.036      0.094

------------------------------------------------------------------
м •мұ… м§Җл¬ё вҖ” м•Ўм…ҳл¶„нҸ¬ мҪ”мӮ¬мқё мң мӮ¬лҸ„ (1.00=мӮ¬мӢӨмғҒ лҸҷмқј м •мұ…)
             graph whittle auction  hybrid  debate ensembl     rag    rule  mincut predict stigmer  bandit   react    ooda msgpass riskfie reflect    plan
graph         1.00    0.86    0.81    0.94    0.98    0.91    0.92    0.91    0.73    0.97    0.82    0.75    0.72    0.52    0.65    0.53    0.74    0.81
whittle       0.86    1.00    0.90    0.71    0.80    0.62    0.96    0.61    0.66    0.95    0.98    0.74    0.40    0.15    0.62    0.32    0.36    0.56
auction       0.81    0.90    1.00    0.69    0.76    0.62    0.94    0.61    0.91    0.90    0.97    0.68    0.42    0.26    0.89    0.60    0.51    0.73
hybrid        0.94    0.71    0.69    1.00    0.98    0.98    0.82    0.98    0.70    0.89    0.66    0.68    0.82    0.70    0.61    0.59    0.87    0.87
debate        0.98    0.80    0.76    0.98    1.00    0.97    0.89    0.96    0.73    0.95    0.75    0.72    0.79    0.61    0.65    0.57    0.82    0.86
ensemble      0.91    0.62    0.62    0.98    0.97    1.00    0.75    1.00    0.67    0.84    0.57    0.63    0.86    0.73    0.58    0.61    0.92    0.88
rag           0.92    0.96    0.94    0.82    0.89    0.75    1.00    0.75    0.79    0.98    0.96    0.76    0.54    0.33    0.75    0.50    0.56    0.73
rule          0.91    0.61    0.61    0.98    0.96    1.00    0.75    1.00    0.67    0.83    0.56    0.63    0.86    0.74    0.58    0.61    0.93    0.88
mincut        0.73    0.66    0.91    0.70    0.73    0.67    0.79    0.67    1.00    0.77    0.77    0.57    0.53    0.47    0.99    0.81    0.72    0.88
predictiv     0.97    0.95    0.90    0.89    0.95    0.84    0.98    0.83    0.77    1.00    0.92    0.77    0.63    0.41    0.71    0.51    0.64    0.77
stigmergy     0.82    0.98    0.97    0.66    0.75    0.57    0.96    0.56    0.77    0.92    1.00    0.72    0.36    0.15    0.75    0.42    0.37    0.60
bandit        0.75    0.74    0.68    0.68    0.72    0.63    0.76    0.63    0.57    0.77    0.72    1.00    0.78    0.61    0.54    0.36    0.51    0.71
react         0.72    0.40    0.42    0.82    0.79    0.86    0.54    0.86    0.53    0.63    0.36    0.78    1.00    0.94    0.47    0.55    0.87    0.87
ooda          0.52    0.15    0.26    0.70    0.61    0.73    0.33    0.74    0.47    0.41    0.15    0.61    0.94    1.00    0.43    0.57    0.85    0.81
msgpass       0.65    0.62    0.89    0.61    0.65    0.58    0.75    0.58    0.99    0.71    0.75    0.54    0.47    0.43    1.00    0.80    0.65    0.83
riskfield     0.53    0.32    0.60    0.59    0.57    0.61    0.50    0.61    0.81    0.51    0.42    0.36    0.55    0.57    0.80    1.00    0.75    0.80
reflect       0.74    0.36    0.51    0.87    0.82    0.92    0.56    0.93    0.72    0.64    0.37    0.51    0.87    0.85    0.65    0.75    1.00    0.93
plan          0.81    0.56    0.73    0.87    0.86    0.88    0.73    0.88    0.88    0.77    0.60    0.71    0.87    0.81    0.83    0.80    0.93    1.00
```

![fingerprint](../results/arch_matrix/fingerprint.png)

![efficiency](../results/arch_matrix/efficiency.png)
